2013 Rank	Department	Legal Population in 1931	Legal Population in 1999	Legal Population in 2008	Legal Population in 2013	Area (km²)	Aroen (Pop./km²)	INSEE Dept. No.
1	Nord	2029449	2555020	2564959	2595536	5743	452	59
2	Paris	2891020	2125246	2211297	2229621	105	21234	75
3	Bouches-du-Rhône	1101672	1835719	1966005	1993177	5087	392	13
4	Rhône	1046028	1578869	1690498	1779845	3249	548	69
5	Hauts-de-Seine	949231	1428881	1549619	1591403	176	9042	92
6	Seine-Saint-Denis	769315	1382861	1506466	1552482	236	6578	93
7	Gironde	852768	1287334	1421276	1505517	10725	140	33
8	Pas-de-Calais	1205191	1441568	1459531	1465205	6671	220	62
9	Yvelines	408282	1354308	1406053	1418484	2284	621	78
10	Seine-et-Marne	406108	1193767	1303702	1365200	5915	231	77
11	Val-de-Marne	657322	1227250	1310876	1354005	245	5527	94
12	Loire-Atlantique	652079	1134266	1255871	1328620	6815	195	44
13	Haute-Garonne	441799	1046338	1217344	1298562	6309	206	31
14	Seine-Maritime	905278	1239138	1248580	1254609	6278	200	76
15	Essonne	271094	1134238	1205850	1253931	1804	695	91
16	Isère	584017	1094006	1188660	1235387	7431	166	38
17	Val-d'Oise	353374	1105464	1165397	1194681	1246	959	95
18	Bas-Rhin	688242	1026120	1091015	1109460	4755	233	67
19	Hérault	514819	896441	1019798	1092331	6101	179	34
20	Alpes-Maritimes	493376	1011326	1084428	1080771	4299	251	06
21	Moselle	693408	1023447	1042230	1046873	6216	168	57
22	Var	377104	898441	1001408	1028583	5973	172	83
23	Ille-et-Vilaine	562558	867533	967588	1019923	6775	151	35
24	Finistère	744295	852418	890509	903921	6733	134	29
25	La Réunion	-	706300	808250	835103	2504	334	974
26	Oise	407432	766441	799725	815400	5860	139	60
27	Maine-et-Loire	475991	732942	774823	800191	7166	112	49
28	Haute-Savoie	252794	631679	716277	769677	4388	175	74
29	Haut-Rhin	516726	708025	746072	758723	3525	215	68
30	Loire	664822	728524	742076	756715	4781	158	42
31	Morbihan	537528	643873	710034	737778	6823	108	56
32	Gard	406815	623125	694323	733201	5853	125	30
33	Meurthe-et-Moselle	592632	713779	729768	731004	5246	139	54
34	Calvados	401356	648385	678206	689945	5548	124	14
35	Loiret	342679	618126	650769	665587	6775	98	45
36	Pyrénées-Atlantiques	422719	600018	647420	664057	7645	87	64
37	Vendée	390396	539664	616906	655506	6720	98	85
38	Puy-de-Dôme	500590	604266	628485	640999	7970	80	63
39	Charente-Maritime	415249	557024	611714	633417	6864	92	17
40	Ain	322918	515270	581355	619497	5762	108	01
41	Indre-et-Loire	335226	554003	585406	600252	6127	98	37
42	Côtes-d'Armor	539531	542373	581570	597085	6878	87	22
43	Eure	305788	541054	577087	595043	6040	99	27
44	Somme	466626	555551	568086	571675	6170	93	80
45	Marne	412156	565229	566010	569999	8162	70	51
46	Sarthe	384619	529851	559587	569035	6206	92	72
47	Saône-et-Loire	538741	544893	553968	556222	8575	65	71
48	Vaucluse	241689	499685	538902	549949	3567	154	84
49	Aisne	489368	535489	538790	540067	7369	73	02
50	Doubs	305500	499062	522685	533320	5234	102	25
51	Côte-d'Or	333800	506755	521608	529761	8763	60	21
52	Manche	433473	481471	496937	499919	5938	84	50
53	Drôme	267080	437778	478069	494712	6530	76	26
54	Pyrénées-Orientales	238647	392803	441387	462705	4116	112	66
55	Eure-et-Loir	254790	407665	423559	432967	5880	74	28
56	Vienne	303072	399024	424354	431248	6990	62	86
57	Savoie	235544	373258	408842	423715	6028	70	73
58	Dordogne	383720	388293	409388	416909	9060	46	24
59	Guadeloupe	-	422496	401784	402119	1628	247	971
60	Landes	257186	327334	373142	397226	9243	43	40
61	Martinique	-	381427	397693	385551	1128	342	972
62	Tarn	302994	343402	371738	381927	5758	66	81
63	Haute-Vienne	335873	353893	373940	375856	5520	68	87
64	Vosges	377980	380952	380145	375226	5874	64	88
65	Deux-Sèvres	308481	344392	365059	371632	5999	62	79
66	Aude	296880	309770	349237	364877	6139	59	11
67	Charente	310489	339628	351581	353482	5956	59	16
68	Allier	373924	344721	342807	343431	7340	47	03
69	Yonne	275755	333221	342359	341483	7427	46	89
70	Lot-et-Garonne	247500	305380	326399	333180	5361	62	47
71	Loir-et-Cher	241592	314968	326599	332001	6343	52	41
72	Ardèche	282911	286023	311452	320379	5529	58	07
73	Cher	293918	314428	313251	311650	7235	43	18
74	Mayenne	254479	285338	302983	307500	5175	59	53
75	Aube	242596	292131	301327	306581	6004	51	10
76	Orne	273717	292337	292282	288848	6103	47	61
77	Ardennes	293746	290130	284197	280907	5229	54	08
78	Aveyron	323782	263808	275889	277740	8735	32	12
79	Jura	229109	250857	260740	260502	4999	52	39
80	Tarn-et-Garonne	164259	206034	235915	250342	3718	67	82
81	Guyane	-	157213	219266	244118	83534	3	973
82	Corrèze	264129	232576	242896	240781	5857	41	19
83	Haute-Saône	219257	229732	238548	238956	5360	45	70
84	Hautes-Pyrénées	189993	222368	229079	228868	4464	51	65
85	Indre	247912	231139	232004	228091	6791	34	36
86	Haute-Loire	251608	209113	221834	226203	4977	45	43
87	Nièvre	255195	225198	220653	215221	6817	32	58
88	Mayotte	-	131320	186452	212645	376	566	976
89	Meuse	215819	192198	194218	192094	6211	31	55
90	Gers	193134	172335	185266	190276	6257	30	32
91	Haute-Marne	189791	194873	186470	181521	6211	29	52
92	Lot	166637	160197	172796	173758	5217	33	46
93	Haute-Corse	-	141603	162013	170974	4666	37	2B
94	Alpes-de-Haute-Provence	87566	139561	157965	161916	6925	23	04
95	Ariège	161265	137205	150201	152684	4890	31	09
96	Corse-du-Sud	-	118593	140953	149234	4014	37	2A
97	Cantal	193505	150778	148737	147035	5726	26	15
98	Territoire de Belfort	99403	137408	141958	144318	609	237	90
99	Hautes-Alpes	87566	121419	134205	139279	5549	25	05
100	Creuse	207882	124470	123907	120872	5565	22	23
101	Lozère	101849	73509	76973	76607	5167	15	48
